chr	start.bp	end.bp	length.bp	number.bps	no.samples	no.del	no.dup	no.inv	no.trn	hotspot.id	cytoband
chr1	51245199	52081205	836006	39	22	27	6	2	4	nonClustered_chr1_51.2Mb	p32.3
chr1	118149814	119584771	1434957	68	48	25	2	10	31	nonClustered_chr1_118.1Mb	p12
chr1	203183379	203686311	502932	27	17	8	11	0	8	nonClustered_chr1_203.2Mb	q32.1
chr1	237702064	240762147	3060083	44	21	22	5	11	6	nonClustered_chr1_237.7Mb	q43
chr10	11553389	11803495	250106	20	10	0	5	2	13	nonClustered_chr10_11.6Mb	p14
chr10	104158902	104430271	271369	16	10	8	5	0	3	nonClustered_chr10_104.2Mb	q24.32
chr11	48734746	55016495	6281749	54	29	10	14	29	1	nonClustered_chr11_48.7Mb	p11.2;p11.12;p11.11;q11
chr11	57966800	58554997	588197	13	9	4	0	5	4	nonClustered_chr11_58Mb	q12.1
chr11	68971769	70107444	1135675	161	104	4	2	2	153	nonClustered_chr11_69Mb	q13.3
chr11	72769007	73146429	377422	40	25	3	16	2	19	nonClustered_chr11_72.8Mb	q13.4
chr11	78212653	78369025	156372	8	8	0	1	6	1	nonClustered_chr11_78.2Mb	q14.1
chr11	108585771	111457164	2871393	42	23	10	16	5	11	nonClustered_chr11_108.6Mb	q22.3;q23.1
chr12	4230724	4473602	242878	17	11	1	1	0	15	nonClustered_chr12_4.2Mb	p13.32
chr12	6492606	8058391	1565785	26	15	3	7	0	16	nonClustered_chr12_6.5Mb	p13.31
chr12	131817220	133721204	1903984	39	21	20	0	19	0	nonClustered_chr12_131.8Mb	q24.33
chr13	48118348	50210303	2091955	62	33	38	4	9	11	nonClustered_chr13_48.1Mb	q14.2
chr14	22892007	22918244	26237	30	17	30	0	0	0	nonClustered_chr14_22.9Mb	q11.2
chr14	64685190	67700551	3015361	91	50	40	19	7	25	nonClustered_chr14_64.7Mb	q23.2;q23.3
chr14	103191594	103526405	334811	31	18	26	0	1	4	nonClustered_chr14_103.2Mb	q32.31;q32.32
chr14	105360617	107213753	1853136	410	263	52	2	9	347	nonClustered_chr14_105.4Mb	q32.33
chr15	25116803	25664453	547650	16	10	15	0	0	1	nonClustered_chr15_25.1Mb	q11.2;q12
chr15	31128667	31745187	616520	25	14	2	19	0	4	nonClustered_chr15_31.1Mb	q13.2;q13.3
chr15	39941158	40874882	933724	19	15	0	8	1	10	nonClustered_chr15_39.9Mb	q14;q15.1
chr15	52789977	52936523	146546	14	10	1	8	2	3	nonClustered_chr15_52.8Mb	q21.2;q21.3
chr15	75048368	75647351	598983	35	22	0	15	6	14	nonClustered_chr15_75Mb	q24.1;q24.2
chr15	85219758	86125991	906233	19	12	4	7	3	5	nonClustered_chr15_85.2Mb	q25.2;q25.3
chr16	11244130	13296740	2052610	54	28	13	13	8	20	nonClustered_chr16_11.2Mb	p13.13;p13.12
chr16	78038841	79382306	1343465	67	37	27	13	0	27	nonClustered_chr16_78Mb	q23.1;q23.2
chr17	3767127	3911250	144123	17	10	0	11	0	6	nonClustered_chr17_3.8Mb	p13.2
chr17	38977087	41571463	2594376	46	21	9	12	7	18	nonClustered_chr17_39Mb	q21.2;q21.31
chr17	43146592	43488302	341710	52	33	8	7	9	28	nonClustered_chr17_43.1Mb	q21.31
chr17	73423945	74733482	1309537	47	27	11	14	5	17	nonClustered_chr17_73.4Mb	q25.1;q25.2
chr19	10192534	11122560	930026	39	23	7	13	6	13	nonClustered_chr19_10.2Mb	p13.2
chr19	18752434	18835263	82829	8	8	0	0	1	7	nonClustered_chr19_18.8Mb	p13.11
chr19	21272203	23936439	2664236	28	15	11	4	9	4	nonClustered_chr19_21.3Mb	p12
chr19	36072478	38372960	2300482	41	19	18	6	13	4	nonClustered_chr19_36.1Mb	q13.12;q13.13
chr19	53193082	53983539	790457	39	20	6	6	27	0	nonClustered_chr19_53.2Mb	q13.41;q13.42
chr2	64318669	64606253	287584	31	16	4	13	2	12	nonClustered_chr2_64.3Mb	p14
chr2	70188146	70654718	466572	25	13	2	16	0	7	nonClustered_chr2_70.2Mb	p13.3
chr2	89132192	90260413	1128221	79	42	37	2	26	14	nonClustered_chr2_89.1Mb	p11.2
chr2	201996375	202146368	149993	15	9	2	10	0	3	nonClustered_chr2_202Mb	q33.1
chr2	231093500	231289645	196145	21	13	18	0	3	0	nonClustered_chr2_231.1Mb	q36.3;q37.1
chr20	17718933	18136892	417959	13	8	0	3	2	8	nonClustered_chr20_17.7Mb	p12.1;p11.23
chr20	32433598	35565464	3131866	98	59	16	31	10	41	nonClustered_chr20_32.4Mb	q11.22;q11.23
chr22	22517059	23390626	873567	203	102	31	41	7	124	nonClustered_chr22_22.5Mb	q11.22
chr3	59845316	61164982	1319666	26	15	23	3	0	0	nonClustered_chr3_59.8Mb	p14.2
chr3	80183412	82204007	2020595	32	13	25	3	3	1	nonClustered_chr3_80.2Mb	p12.2
chr3	109695820	109752158	56338	8	8	0	1	0	7	nonClustered_chr3_109.7Mb	q13.13
chr3	140621109	141283737	662628	29	16	8	13	3	5	nonClustered_chr3_140.6Mb	q23
chr3	169200378	169683058	482680	25	20	4	8	1	12	nonClustered_chr3_169.2Mb	q26.2
chr3	176746035	176883440	137405	23	14	20	2	0	1	nonClustered_chr3_176.7Mb	q26.32
chr4	1843317	1919728	76411	98	68	12	0	2	84	nonClustered_chr4_1.8Mb	p16.3
chr4	91024513	92496413	1471900	67	34	53	14	0	0	nonClustered_chr4_91Mb	q22.1
chr4	95518558	95565435	46877	8	8	1	0	0	7	nonClustered_chr4_95.5Mb	q22.3
chr4	153362608	153627902	265294	34	16	3	9	3	19	nonClustered_chr4_153.4Mb	q31.3
chr5	10273241	10275455	2214	19	10	19	0	0	0	nonClustered_chr5_10.3Mb	p15.2
chr5	20832929	21452515	619586	12	8	8	0	4	0	nonClustered_chr5_20.8Mb	p14.3
chr5	112493731	112812745	319014	17	10	5	8	0	4	nonClustered_chr5_112.5Mb	q22.2
chr5	172572757	173301589	728832	38	17	6	16	5	11	nonClustered_chr5_172.6Mb	q35.1;q35.2
chr6	202695	502255	299560	24	14	2	13	0	9	nonClustered_chr6_0.2Mb	p25.3
chr6	7695583	8155188	459605	82	46	10	16	3	53	nonClustered_chr6_7.7Mb	p24.3
chr6	11102046	11552032	449986	19	11	0	13	3	3	nonClustered_chr6_11.1Mb	p24.2;p24.1
chr6	32596469	33063580	467111	15	9	7	4	1	3	nonClustered_chr6_32.6Mb	p21.32
chr6	66260024	70066216	3806192	56	27	28	10	14	4	nonClustered_chr6_66.3Mb	q12;q13
chr6	78649421	79421461	772040	16	11	2	4	1	9	nonClustered_chr6_78.6Mb	q14.1
chr6	106299121	106631817	332696	17	11	0	10	0	7	nonClustered_chr6_106.3Mb	q21
chr6	108884686	109340606	455920	51	26	6	21	0	24	nonClustered_chr6_108.9Mb	q21
chr7	7919390	8071567	152177	18	9	2	9	3	4	nonClustered_chr7_7.9Mb	p21.3
chr8	2185141	4125010	1939869	30	16	15	4	7	4	nonClustered_chr8_2.2Mb	p23.3;p23.2
chr8	95476648	96265739	789091	23	16	10	4	1	8	nonClustered_chr8_95.5Mb	q22.1
chr8	126193976	126418145	224169	36	29	16	7	6	7	nonClustered_chr8_126.2Mb	q24.13
chr8	128533851	130021126	1487275	381	211	32	90	21	238	nonClustered_chr8_128.5Mb	q24.21
chr9	8971648	10403516	1431868	84	38	67	14	0	3	nonClustered_chr9_9Mb	p24.1;p23
chr9	21768987	22581422	812435	29	17	20	1	3	5	nonClustered_chr9_21.8Mb	p21.3
chrX	325304	2294951	1969647	26	10	22	4	0	0	nonClustered_chrX_0.3Mb	p22.33
chrX	95922610	96844438	921828	62	31	58	4	0	0	nonClustered_chrX_95.9Mb	q21.33